0 0.336926 0.408322 0.023430 0.026798
0 0.354264 0.379408 0.022493 0.022567
0 0.381912 0.434415 0.023430 0.028209
0 0.369728 0.460508 0.027179 0.026798
0 0.410028 0.501410 0.021556 0.023977
0 0.405342 0.444288 0.021556 0.025388
0 0.448454 0.415374 0.023430 0.026798
0 0.475633 0.412553 0.021556 0.029619
0 0.496251 0.389281 0.017807 0.025388
0 0.459700 0.361072 0.023430 0.022567
0 0.412840 0.344147 0.019681 0.025388
0 0.424555 0.272920 0.022493 0.023977
0 0.557638 0.573343 0.022493 0.023977
0 0.544986 0.505642 0.021556 0.023977
0 0.561856 0.379408 0.021556 0.022567
0 0.631209 0.444288 0.021556 0.022567
0 0.822399 0.776446 0.021556 0.023977
