0 0.331661 0.702113 0.017336 0.021127
0 0.330292 0.671831 0.018248 0.022535
0 0.388686 0.662676 0.016423 0.021127
0 0.444799 0.515493 0.017336 0.022535
0 0.462591 0.554930 0.012774 0.019718
0 0.470803 0.560563 0.016423 0.019718
0 0.521442 0.502817 0.017336 0.022535
0 0.051095 0.154930 0.016423 0.022535
0 0.152372 0.235915 0.021898 0.023944
0 0.276916 0.252817 0.022810 0.018310
0 0.286953 0.233099 0.019161 0.018310
0 0.304745 0.110563 0.020073 0.023944
0 0.429745 0.071831 0.018248 0.019718
0 0.450274 0.240141 0.019161 0.021127
0 0.522354 0.368310 0.017336 0.021127
0 0.545164 0.285211 0.017336 0.021127
0 0.669708 0.705634 0.016423 0.022535
0 0.972628 0.561268 0.016423 0.021127
0 0.985858 0.500704 0.017336 0.021127
0 0.548358 0.540845 0.016423 0.022535
