0 0.269974 0.610656 0.011488 0.018443
0 0.316188 0.573258 0.012010 0.017418
0 0.443864 0.864242 0.011488 0.025615
0 0.827415 0.857582 0.016188 0.026639
0 0.752480 0.673668 0.014621 0.019467
0 0.714099 0.639344 0.013055 0.020492
0 0.633681 0.678279 0.012010 0.018443
0 0.600000 0.628074 0.012533 0.020492
0 0.559008 0.590676 0.013055 0.019467
0 0.419060 0.514344 0.012010 0.018443
0 0.440470 0.503586 0.013055 0.017418
0 0.454308 0.500512 0.011488 0.017418
0 0.455352 0.446721 0.012533 0.016393
0 0.439426 0.429303 0.012010 0.018443
0 0.480940 0.396516 0.011488 0.018443
0 0.954830 0.531762 0.018277 0.024590
0 0.995300 0.679816 0.009399 0.017418
0 0.823760 0.513832 0.015144 0.021516
0 0.855875 0.454918 0.016710 0.020492
0 0.764491 0.439037 0.012533 0.021516
0 0.607572 0.492316 0.010966 0.017418
0 0.596345 0.461578 0.012533 0.017418
0 0.651175 0.478996 0.012533 0.017418
0 0.656136 0.495389 0.012010 0.017418
0 0.647258 0.432377 0.012010 0.018443
0 0.656397 0.444672 0.010444 0.016393
0 0.663708 0.453381 0.012533 0.017418
0 0.622977 0.363217 0.011488 0.017418
0 0.589817 0.292008 0.013055 0.016393
0 0.583290 0.303279 0.013577 0.016393
0 0.544909 0.328893 0.013055 0.016393
0 0.530548 0.378586 0.011488 0.019467
0 0.521932 0.342213 0.013055 0.018443
0 0.504178 0.336578 0.012010 0.019467
0 0.991384 0.181865 0.016188 0.019467
0 0.644909 0.120902 0.012533 0.018443
0 0.500261 0.292008 0.012533 0.018443
0 0.528198 0.235656 0.013055 0.016393
0 0.537076 0.277152 0.013055 0.017418
0 0.219843 0.399590 0.012533 0.018443
0 0.195039 0.343750 0.012010 0.019467
0 0.190078 0.321209 0.011488 0.017418
0 0.205483 0.288934 0.012010 0.018443
0 0.187206 0.292008 0.012010 0.014344
0 0.183290 0.278689 0.011488 0.016393
0 0.292689 0.312500 0.012010 0.018443
0 0.294517 0.290984 0.011488 0.018443
0 0.276762 0.291496 0.012533 0.017418
0 0.235770 0.306352 0.010966 0.018443
0 0.228721 0.279713 0.013577 0.018443
0 0.252480 0.287910 0.012010 0.016393
0 0.249869 0.272541 0.013055 0.018443
0 0.241514 0.263832 0.012010 0.017418
0 0.267885 0.278176 0.012533 0.017418
0 0.273629 0.255635 0.011488 0.019467
0 0.296606 0.249488 0.011488 0.019467
0 0.328460 0.247439 0.011488 0.017418
0 0.337337 0.240266 0.010444 0.017418
0 0.336815 0.210553 0.012533 0.021516
0 0.285640 0.198258 0.011488 0.015369
0 0.295822 0.205430 0.012010 0.017418
0 0.318277 0.158811 0.010966 0.018443
0 0.266841 0.217213 0.011488 0.018443
0 0.246214 0.237193 0.012010 0.017418
0 0.240992 0.223873 0.010966 0.017418
0 0.248825 0.172131 0.012010 0.016393
0 0.204961 0.251537 0.012010 0.017418
0 0.189295 0.253074 0.012010 0.016393
0 0.181723 0.255635 0.008355 0.017418
0 0.279112 0.140369 0.013055 0.014344
0 0.253786 0.123463 0.012533 0.017418
0 0.235248 0.104508 0.013055 0.014344
0 0.227937 0.054816 0.014099 0.015369
0 0.205744 0.063012 0.012533 0.017418
0 0.217232 0.032275 0.011488 0.017418
0 0.242037 0.023053 0.012010 0.017418
0 0.132898 0.050205 0.012010 0.018443
0 0.115144 0.011783 0.010966 0.017418
0 0.168146 0.027152 0.011488 0.017418
0 0.178851 0.014857 0.014099 0.013320
0 0.172324 0.063525 0.015666 0.016393
0 0.154569 0.192111 0.012533 0.017418
0 0.139426 0.251537 0.015666 0.019467
0 0.132637 0.300205 0.012533 0.018443
0 0.149086 0.280225 0.015144 0.015369
0 0.149086 0.351947 0.013055 0.019467
0 0.168407 0.266393 0.010966 0.018443
0 0.166580 0.239242 0.012533 0.017418
0 0.173107 0.216189 0.012010 0.018443
0 0.192689 0.212602 0.012533 0.017418
0 0.191645 0.186475 0.011488 0.020492
