0 0.625263 0.740266 0.007368 0.009221
0 0.626316 0.730020 0.009474 0.013320
0 0.553947 0.664447 0.010000 0.015369
0 0.518684 0.606045 0.010000 0.015369
0 0.506579 0.585041 0.008947 0.014344
0 0.511579 0.579406 0.007368 0.013320
0 0.514737 0.586066 0.008421 0.014344
0 0.534474 0.592213 0.010000 0.014344
0 0.555000 0.593238 0.010000 0.014344
0 0.542632 0.562500 0.008421 0.014344
0 0.550263 0.563012 0.008947 0.015369
0 0.561316 0.559939 0.011053 0.013320
0 0.559737 0.570697 0.010000 0.014344
0 0.566053 0.581455 0.008947 0.015369
0 0.554211 0.533811 0.009474 0.014344
0 0.565526 0.535861 0.010000 0.014344
0 0.578158 0.495389 0.010000 0.015369
0 0.574474 0.556352 0.008947 0.014344
0 0.578158 0.552766 0.005789 0.013320
0 0.580263 0.550205 0.005789 0.014344
0 0.588158 0.552254 0.010000 0.014344
0 0.588684 0.578381 0.010000 0.015369
0 0.601053 0.578893 0.009474 0.014344
0 0.605526 0.574795 0.007895 0.014344
0 0.600526 0.531762 0.010526 0.014344
0 0.601053 0.506660 0.009474 0.015369
0 0.609211 0.491803 0.010000 0.014344
0 0.617105 0.544570 0.008947 0.015369
0 0.616316 0.449283 0.009474 0.015369
0 0.641053 0.418545 0.009474 0.015369
0 0.571053 0.429816 0.009474 0.015369
0 0.561842 0.425205 0.010000 0.014344
0 0.561579 0.434426 0.009474 0.014344
0 0.303421 0.346824 0.011053 0.015369
0 0.329474 0.364754 0.009474 0.014344
0 0.326579 0.352459 0.008947 0.012295
0 0.324211 0.345287 0.007368 0.012295
0 0.320789 0.333504 0.011053 0.017418
0 0.323684 0.319672 0.010526 0.016393
0 0.332632 0.317111 0.007368 0.015369
0 0.334211 0.297131 0.010526 0.014344
0 0.344211 0.292008 0.009474 0.014344
0 0.338684 0.325820 0.007895 0.012295
0 0.344211 0.326332 0.007368 0.015369
0 0.352105 0.310451 0.009474 0.014344
0 0.369474 0.297643 0.011579 0.013320
0 0.372632 0.303791 0.010526 0.011270
0 0.393684 0.304816 0.009474 0.013320
0 0.380000 0.311475 0.008421 0.014344
0 0.386842 0.313012 0.009474 0.013320
0 0.386316 0.322234 0.009474 0.009221
0 0.380000 0.330943 0.006316 0.014344
0 0.383684 0.337090 0.009474 0.014344
0 0.376842 0.339139 0.006316 0.014344
0 0.372632 0.342725 0.009474 0.009221
0 0.373947 0.350922 0.008947 0.011270
0 0.366842 0.349385 0.009474 0.014344
0 0.361316 0.349385 0.007895 0.012295
0 0.361842 0.341189 0.008947 0.012295
0 0.365000 0.332480 0.011053 0.013320
0 0.331316 0.342725 0.003684 0.009221
0 0.335526 0.345287 0.007895 0.012295
0 0.339737 0.340676 0.005789 0.011270
0 0.343947 0.341701 0.006842 0.013320
0 0.346316 0.345287 0.007368 0.012295
0 0.338947 0.357582 0.008421 0.012295
0 0.342632 0.353484 0.006316 0.014344
0 0.343421 0.366291 0.010000 0.013320
0 0.353158 0.366291 0.011579 0.013320
0 0.352368 0.359119 0.010000 0.007172
0 0.351316 0.352459 0.008947 0.008197
0 0.354211 0.345799 0.007368 0.013320
0 0.250789 0.269467 0.013158 0.012295
0 0.254737 0.278689 0.011579 0.010246
0 0.223158 0.138832 0.009474 0.015369
0 0.241842 0.119877 0.012105 0.014344
0 0.241053 0.127561 0.007368 0.009221
0 0.225526 0.110656 0.010000 0.014344
0 0.225789 0.099898 0.008421 0.011270
0 0.226053 0.091189 0.014211 0.012295
0 0.239474 0.088627 0.012632 0.013320
0 0.238421 0.096824 0.006316 0.007172
0 0.218158 0.077869 0.014211 0.014344
0 0.216579 0.101434 0.011053 0.012295
0 0.210789 0.051230 0.013158 0.016393
0 0.198684 0.020492 0.008947 0.014344
0 0.205526 0.027152 0.010000 0.013320
0 0.207105 0.017930 0.010000 0.013320
0 0.208947 0.006660 0.007368 0.011270
0 0.215526 0.008197 0.010000 0.014344
0 0.181842 0.003586 0.010000 0.005123
0 0.164737 0.004611 0.012632 0.007172
0 0.167105 0.050205 0.014211 0.014344
