0 0.181731 0.667139 0.019231 0.016997
0 0.191827 0.660765 0.012500 0.021246
0 0.175481 0.650142 0.018269 0.025496
0 0.382212 0.533994 0.025962 0.022663
0 0.379808 0.453258 0.017308 0.019830
0 0.371154 0.426346 0.019231 0.019830
0 0.281731 0.321530 0.017308 0.019830
0 0.367308 0.206799 0.019231 0.019830
0 0.173558 0.953258 0.018269 0.019830
0 0.062981 0.522663 0.020192 0.019830
0 0.065385 0.012748 0.021154 0.019830
0 0.094231 0.018414 0.019231 0.019830
0 0.507212 0.311615 0.020192 0.019830
0 0.527404 0.328612 0.018269 0.019830
0 0.524519 0.344901 0.016346 0.012748
0 0.525962 0.354816 0.019231 0.012748
0 0.514904 0.219547 0.016346 0.022663
0 0.521154 0.233003 0.017308 0.024079
0 0.562981 0.212465 0.022115 0.022663
0 0.621635 0.239377 0.018269 0.019830
0 0.487981 0.548159 0.018269 0.019830
0 0.496635 0.584986 0.020192 0.019830
0 0.515385 0.554533 0.019231 0.018414
0 0.683654 0.388102 0.019231 0.019830
0 0.698558 0.400142 0.018269 0.018414
0 0.704808 0.265581 0.026923 0.018414
0 0.708654 0.288244 0.021154 0.021246
0 0.727885 0.134561 0.019231 0.019830
0 0.759135 0.124646 0.018269 0.016997
0 0.862981 0.236544 0.018269 0.016997
0 0.769231 0.716714 0.017308 0.019830
0 0.840385 0.249292 0.019231 0.019830
0 0.894712 0.062323 0.027885 0.019830
0 0.007212 0.002833 0.012500 0.002833
0 0.331731 0.664306 0.013462 0.016997
0 0.331731 0.652975 0.011538 0.019830
0 0.339904 0.657932 0.012500 0.018414
0 0.339904 0.673513 0.018269 0.015581
0 0.333654 0.686261 0.011538 0.015581
0 0.347596 0.686261 0.010577 0.018414
0 0.521635 0.565156 0.016346 0.016997
0 0.519231 0.575071 0.017308 0.019830
0 0.533173 0.591360 0.008654 0.015581
0 0.529327 0.594193 0.012500 0.018414
0 0.523558 0.604816 0.016346 0.019830
0 0.512019 0.608357 0.014423 0.021246
0 0.529808 0.233711 0.009615 0.019830
0 0.636058 0.250000 0.010577 0.021246
0 0.644712 0.249292 0.016346 0.019830
0 0.642308 0.262040 0.017308 0.008499
0 0.644231 0.269122 0.021154 0.011331
0 0.866346 0.249292 0.017308 0.019830
0 0.867308 0.259915 0.013462 0.009915
0 0.764904 0.108357 0.018269 0.018414
0 0.767308 0.117564 0.011538 0.014164
0 0.366827 0.216006 0.016346 0.015581
0 0.365865 0.223088 0.018269 0.015581
