0 0.252349 0.207267 0.009916 0.019447
0 0.369781 0.562948 0.010960 0.016377
0 0.405793 0.710338 0.012004 0.018424
0 0.421712 0.636643 0.009395 0.016377
0 0.444415 0.631525 0.010960 0.014330
0 0.446503 0.645855 0.008873 0.014330
0 0.456942 0.643808 0.009916 0.014330
0 0.465031 0.739509 0.009395 0.015353
0 0.430585 0.610542 0.009395 0.015353
0 0.421973 0.580348 0.009916 0.014330
0 0.433455 0.577789 0.008873 0.017400
0 0.443633 0.598772 0.008351 0.014330
0 0.491127 0.757421 0.009395 0.016377
0 0.507568 0.692426 0.009916 0.015353
0 0.474165 0.674514 0.009916 0.016377
0 0.480428 0.679632 0.009916 0.016377
0 0.502871 0.667861 0.014092 0.017400
0 0.489562 0.649949 0.013570 0.016377
0 0.462161 0.624872 0.009916 0.015353
0 0.438674 0.570624 0.007829 0.015353
0 0.445198 0.576254 0.010438 0.016377
0 0.456159 0.602354 0.009395 0.013306
0 0.466075 0.602866 0.008351 0.014330
0 0.461639 0.605937 0.007829 0.014330
0 0.474948 0.585466 0.011482 0.016377
0 0.476775 0.621801 0.009916 0.015353
0 0.485908 0.601331 0.009395 0.015353
0 0.486952 0.612078 0.011482 0.006141
0 0.493737 0.626407 0.009395 0.014330
0 0.514092 0.639202 0.011482 0.015353
0 0.529489 0.652508 0.012004 0.017400
0 0.539927 0.647902 0.013048 0.016377
0 0.562109 0.654555 0.010438 0.017400
0 0.573330 0.665814 0.012004 0.019447
0 0.542537 0.627943 0.009916 0.015353
0 0.539927 0.625896 0.009916 0.015353
0 0.435804 0.520983 0.011482 0.016377
0 0.429802 0.477482 0.009916 0.017400
0 0.496086 0.463153 0.013048 0.017400
0 0.527140 0.477482 0.013570 0.015353
0 0.519572 0.508700 0.005741 0.014330
0 0.522965 0.523030 0.007307 0.014330
0 0.526096 0.516377 0.008351 0.013306
0 0.530271 0.525077 0.008351 0.014330
0 0.535230 0.529171 0.009916 0.014330
0 0.524791 0.598772 0.009916 0.016377
0 0.534447 0.613101 0.011482 0.016377
0 0.548017 0.619243 0.011482 0.016377
0 0.561848 0.621290 0.012004 0.016377
0 0.563413 0.607472 0.012004 0.015353
0 0.545407 0.533777 0.009395 0.015353
0 0.546190 0.498465 0.009916 0.014330
0 0.555063 0.498465 0.008873 0.016377
0 0.536534 0.455476 0.010438 0.014330
0 0.543058 0.448823 0.009916 0.013306
0 0.572808 0.525077 0.009916 0.018424
0 0.588727 0.545548 0.012526 0.018424
0 0.584812 0.560901 0.010960 0.016377
0 0.615084 0.576766 0.012004 0.015353
0 0.566806 0.179120 0.011482 0.018424
0 0.772965 0.177073 0.016701 0.022518
0 0.602557 0.473900 0.009916 0.016377
0 0.602557 0.436029 0.010960 0.016377
0 0.611691 0.447288 0.010438 0.016377
0 0.624739 0.458035 0.010438 0.015353
0 0.638570 0.471853 0.013048 0.018424
0 0.631263 0.547083 0.009916 0.015353
0 0.634916 0.556807 0.008873 0.014330
0 0.639092 0.571648 0.012004 0.015353
0 0.647704 0.574207 0.009395 0.016377
0 0.654228 0.588025 0.010960 0.015353
0 0.667797 0.592119 0.012004 0.015353
0 0.336900 0.157114 0.013048 0.019447
0 0.533664 0.592631 0.009916 0.014330
0 0.536013 0.576766 0.009395 0.013306
0 0.540188 0.568577 0.007307 0.013306
0 0.524530 0.507677 0.005219 0.014330
