0 0.317942 0.740722 0.014248 0.019588
0 0.409763 0.418041 0.012137 0.019588
0 0.408971 0.381443 0.011609 0.016495
0 0.418206 0.356186 0.011082 0.017526
0 0.431135 0.367010 0.011609 0.018557
0 0.425594 0.405155 0.010026 0.018557
0 0.432718 0.415979 0.012665 0.017526
0 0.444591 0.391753 0.011082 0.016495
0 0.448813 0.328351 0.012137 0.017526
0 0.445646 0.431959 0.014248 0.014433
0 0.446966 0.444845 0.012665 0.017526
0 0.437731 0.477835 0.010026 0.017526
0 0.445119 0.470619 0.012137 0.017526
0 0.459367 0.460825 0.013193 0.018557
0 0.484433 0.424227 0.012665 0.019588
0 0.473879 0.375258 0.011609 0.018557
0 0.466755 0.354124 0.012137 0.017526
0 0.454090 0.353093 0.013193 0.017526
0 0.518734 0.431443 0.013720 0.019588
0 0.525066 0.485052 0.013720 0.019588
0 0.564116 0.391753 0.013720 0.020619
0 0.573879 0.460825 0.013193 0.018557
0 0.659367 0.620619 0.013193 0.020619
