0 0.090680 0.633754 0.013854 0.023810
0 0.068325 0.945378 0.019521 0.033613
0 0.068325 0.972689 0.019521 0.015406
0 0.290932 0.739496 0.017632 0.025210
0 0.291247 0.766106 0.022040 0.025210
0 0.361776 0.729692 0.015743 0.030812
0 0.369332 0.656162 0.015743 0.029412
0 0.448678 0.654762 0.014484 0.032213
0 0.473866 0.678571 0.011965 0.023810
0 0.501889 0.669468 0.007557 0.019608
0 0.507872 0.675770 0.009446 0.018207
0 0.489295 0.609944 0.013854 0.029412
0 0.481108 0.637955 0.011335 0.021008
0 0.514484 0.590336 0.011335 0.021008
0 0.519207 0.575630 0.009446 0.016807
0 0.522355 0.542017 0.011965 0.022409
0 0.516058 0.514006 0.010705 0.019608
0 0.677582 0.649860 0.011335 0.022409
0 0.670970 0.600140 0.011965 0.021008
0 0.558249 0.394958 0.005668 0.016807
0 0.566121 0.393557 0.008816 0.019608
0 0.571474 0.363445 0.013224 0.023810
0 0.580919 0.344538 0.013224 0.022409
0 0.658375 0.341737 0.014484 0.025210
0 0.676952 0.338936 0.015113 0.022409
0 0.707494 0.297619 0.014484 0.021008
0 0.706234 0.342437 0.011965 0.021008
0 0.702456 0.364146 0.010705 0.019608
0 0.705605 0.380952 0.010705 0.014006
0 0.744332 0.630252 0.011335 0.022409
0 0.762909 0.397059 0.015743 0.026611
0 0.779282 0.394258 0.015743 0.026611
0 0.772985 0.356443 0.014484 0.018207
0 0.774874 0.362045 0.013224 0.023810
0 0.790932 0.376050 0.013854 0.023810
0 0.791562 0.362745 0.012594 0.019608
0 0.779912 0.332633 0.015743 0.021008
0 0.785579 0.319328 0.014484 0.025210
0 0.813602 0.324230 0.015113 0.032213
0 0.824307 0.431373 0.016373 0.028011
0 0.844144 0.427871 0.015743 0.026611
0 0.852015 0.456583 0.016373 0.028011
0 0.835642 0.391457 0.012594 0.021008
0 0.840680 0.403361 0.017632 0.025210
0 0.823048 0.256303 0.010076 0.019608
0 0.830605 0.269608 0.010076 0.018207
0 0.854534 0.254902 0.012594 0.022409
0 0.870907 0.251401 0.012594 0.021008
0 0.880038 0.349440 0.011965 0.018207
0 0.883816 0.359944 0.004408 0.016807
0 0.879408 0.367647 0.010705 0.018207
0 0.891688 0.362745 0.010076 0.022409
0 0.879093 0.415966 0.016373 0.030812
0 0.885390 0.411765 0.016373 0.028011
0 0.895781 0.432073 0.018262 0.023810
0 0.912469 0.442577 0.010076 0.022409
0 0.919081 0.445378 0.013224 0.019608
0 0.938287 0.446078 0.011335 0.021008
0 0.928841 0.431373 0.011335 0.019608
0 0.923804 0.425070 0.010076 0.021008
0 0.923174 0.417367 0.011335 0.019608
0 0.917191 0.408964 0.010705 0.019608
0 0.915932 0.391457 0.011965 0.018207
0 0.915932 0.377451 0.013224 0.023810
0 0.901448 0.413165 0.011965 0.016807
0 0.904597 0.398459 0.011965 0.018207
0 0.902708 0.383754 0.010705 0.016807
0 0.908690 0.380952 0.010076 0.019608
0 0.900189 0.373950 0.010705 0.019608
0 0.903652 0.371148 0.010076 0.019608
0 0.901134 0.359244 0.007557 0.012605
0 0.920655 0.336835 0.011335 0.021008
0 0.928841 0.348039 0.011335 0.018207
0 0.456864 0.009104 0.010705 0.015406
0 0.460957 0.009804 0.011335 0.016807
0 0.954975 0.487395 0.010705 0.019608
0 0.949937 0.469888 0.010705 0.015406
0 0.945844 0.464986 0.006297 0.019608
0 0.959068 0.307423 0.016373 0.026611
