0 0.422112 0.941820 0.016502 0.021889
0 0.493069 0.943548 0.018482 0.023041
0 0.488779 0.972926 0.012541 0.014977
0 0.503960 0.876728 0.016502 0.020737
0 0.516832 0.869816 0.011881 0.018433
0 0.559406 0.896889 0.013861 0.019585
0 0.561716 0.927995 0.015842 0.019585
0 0.514191 0.934908 0.015842 0.026498
0 0.602310 0.923963 0.016502 0.025346
0 0.617162 0.808756 0.014521 0.020737
0 0.632343 0.792627 0.015842 0.023041
0 0.814521 0.830645 0.015842 0.020737
0 0.836304 0.868664 0.015842 0.020737
0 0.852145 0.879608 0.015842 0.019585
0 0.893399 0.845046 0.016502 0.019585
0 0.830033 0.914747 0.015182 0.018433
0 0.865677 0.921659 0.019142 0.027650
0 0.807921 0.961982 0.017162 0.023041
0 0.812541 0.983295 0.014521 0.019585
0 0.912211 0.989631 0.018482 0.020737
0 0.926733 0.923387 0.018482 0.028802
0 0.931683 0.847926 0.015182 0.020737
0 0.841914 0.690668 0.017822 0.024194
0 0.838284 0.630184 0.017162 0.023041
0 0.883498 0.609447 0.013861 0.020737
0 0.752145 0.469470 0.016502 0.019585
0 0.759076 0.394009 0.017162 0.020737
0 0.795380 0.361751 0.015842 0.020737
0 0.768977 0.255760 0.017162 0.018433
0 0.706931 0.292627 0.017162 0.020737
0 0.677888 0.241935 0.015842 0.018433
0 0.665347 0.273618 0.017162 0.017281
0 0.654785 0.313364 0.017162 0.018433
0 0.673267 0.432604 0.015842 0.019585
0 0.564026 0.326037 0.015182 0.018433
0 0.558416 0.523041 0.015842 0.018433
0 0.549175 0.600230 0.015842 0.020737
0 0.539934 0.667051 0.015842 0.023041
0 0.613531 0.705069 0.016502 0.020737
0 0.654785 0.703917 0.017162 0.020737
0 0.709901 0.701037 0.015182 0.021889
0 0.505281 0.678571 0.012541 0.018433
0 0.488449 0.666475 0.017162 0.019585
0 0.451155 0.620392 0.016502 0.017281
0 0.439934 0.633065 0.009901 0.021889
0 0.427063 0.660714 0.013201 0.021889
0 0.410231 0.621544 0.015182 0.019585
0 0.375578 0.604263 0.014521 0.019585
0 0.386799 0.531106 0.014521 0.018433
0 0.388449 0.555300 0.009901 0.018433
0 0.315842 0.520737 0.016502 0.020737
0 0.455776 0.357143 0.013861 0.016129
0 0.484488 0.308756 0.013201 0.018433
0 0.487459 0.278226 0.015182 0.019585
0 0.447525 0.209677 0.014521 0.020737
0 0.428713 0.266129 0.013861 0.018433
0 0.417492 0.325461 0.015182 0.017281
0 0.314191 0.298387 0.015842 0.018433
0 0.169307 0.237327 0.013861 0.020737
0 0.252475 0.432604 0.015182 0.021889
0 0.309241 0.426267 0.013861 0.018433
0 0.267987 0.547235 0.014521 0.020737
0 0.268647 0.245392 0.017162 0.020737
