0 0.267103 0.633987 0.016012 0.020915
0 0.254003 0.471242 0.016012 0.024837
0 0.247817 0.422222 0.013828 0.023529
0 0.264920 0.406536 0.016012 0.020915
0 0.258734 0.340523 0.013828 0.022222
0 0.318049 0.451634 0.023290 0.032680
0 0.322052 0.412418 0.021106 0.032680
0 0.332242 0.407190 0.010917 0.030065
0 0.344614 0.419608 0.022562 0.033987
0 0.359898 0.394118 0.013828 0.019608
0 0.379549 0.377778 0.022562 0.031373
0 0.371179 0.213725 0.016012 0.022222
0 0.371907 0.238562 0.017467 0.019608
0 0.367904 0.335948 0.025473 0.033987
0 0.390830 0.362092 0.014556 0.020915
0 0.401383 0.362745 0.010917 0.022222
0 0.473071 0.339869 0.014556 0.031373
0 0.461426 0.347059 0.011645 0.016993
0 0.436681 0.345752 0.014556 0.022222
0 0.488355 0.355556 0.008734 0.023529
0 0.497089 0.357516 0.013100 0.022222
0 0.508006 0.360784 0.014556 0.020915
0 0.519651 0.375163 0.023290 0.033987
0 0.528020 0.351634 0.013828 0.033987
0 0.540029 0.352288 0.021834 0.032680
0 0.560408 0.329412 0.023290 0.033987
0 0.449418 0.275163 0.015284 0.022222
0 0.374090 0.256863 0.013100 0.016993
0 0.595342 0.259477 0.016012 0.019608
0 0.604440 0.313072 0.015284 0.022222
0 0.544032 0.409150 0.016739 0.020915
0 0.559316 0.432680 0.015284 0.018301
0 0.569505 0.412418 0.021106 0.032680
0 0.574236 0.475163 0.023290 0.032680
0 0.984716 0.171895 0.011645 0.016993
0 0.909025 0.166013 0.020378 0.023529
0 0.897016 0.109804 0.021106 0.018301
0 0.918850 0.066667 0.021106 0.020915
0 0.808224 0.165359 0.018195 0.019608
0 0.656114 0.273856 0.018195 0.022222
0 0.731441 0.301307 0.018923 0.024837
0 0.692868 0.445098 0.016012 0.022222
0 0.670306 0.428758 0.016012 0.023529
0 0.670670 0.332680 0.018195 0.022222
0 0.640466 0.330719 0.014556 0.020915
0 0.654294 0.358824 0.014556 0.022222
0 0.636827 0.570588 0.016012 0.022222
0 0.642649 0.650980 0.016012 0.020915
0 0.607351 0.620261 0.015284 0.022222
0 0.624454 0.645752 0.016012 0.020915
0 0.539301 0.594118 0.017467 0.035294
0 0.549127 0.610458 0.022562 0.033987
0 0.526201 0.672549 0.017467 0.022222
0 0.953421 0.805882 0.018923 0.032680
0 0.517467 0.642484 0.013100 0.022222
0 0.505095 0.643137 0.023290 0.031373
0 0.490175 0.648366 0.013828 0.020915
0 0.474163 0.662092 0.015284 0.019608
0 0.471980 0.679085 0.015284 0.022222
0 0.489811 0.738562 0.016012 0.026144
0 0.531659 0.777124 0.015284 0.027451
0 0.461426 0.629412 0.023290 0.032680
0 0.427948 0.636601 0.023290 0.033987
0 0.445051 0.669281 0.016739 0.020915
0 0.413755 0.664706 0.025473 0.032680
0 0.402475 0.663399 0.010189 0.019608
0 0.419578 0.733987 0.016739 0.024837
0 0.401019 0.721569 0.017467 0.026144
0 0.316958 0.487582 0.024017 0.031373
0 0.329330 0.517647 0.018195 0.033987
0 0.319141 0.529412 0.025473 0.033987
0 0.324964 0.554248 0.016739 0.020915
0 0.333697 0.590196 0.019651 0.032680
0 0.352984 0.583660 0.017467 0.035294
0 0.365357 0.633333 0.023290 0.035294
0 0.377365 0.633333 0.012373 0.022222
0 0.387191 0.649673 0.023290 0.031373
0 0.385371 0.947059 0.018195 0.030065
