0 0.270677 0.633199 0.021053 0.026774
0 0.349624 0.753012 0.022556 0.025435
0 0.388722 0.752343 0.015038 0.021419
0 0.375564 0.675368 0.018797 0.028112
0 0.439474 0.688755 0.018797 0.025435
0 0.462406 0.647925 0.028571 0.040161
0 0.477444 0.625837 0.021053 0.022758
0 0.466165 0.530120 0.018045 0.026774
0 0.404511 0.627175 0.018045 0.025435
0 0.418045 0.619143 0.018045 0.025435
0 0.401128 0.586345 0.018797 0.026774
0 0.359774 0.592369 0.020301 0.025435
0 0.363158 0.550870 0.019549 0.025435
0 0.332331 0.561580 0.019549 0.028112
0 0.341353 0.537483 0.022556 0.022758
0 0.335714 0.461847 0.018797 0.029451
0 0.253008 0.514726 0.018797 0.025435
0 0.243985 0.482597 0.017293 0.025435
0 0.189098 0.431727 0.018797 0.025435
0 0.393233 0.500000 0.019549 0.025435
0 0.495489 0.767068 0.019549 0.026774
0 0.505639 0.707497 0.020301 0.025435
0 0.522180 0.712851 0.018797 0.028112
0 0.585338 0.651272 0.027820 0.038822
0 0.574060 0.644578 0.012782 0.020080
0 0.528195 0.619143 0.018797 0.025435
0 0.556767 0.593708 0.018797 0.025435
0 0.536090 0.582999 0.019549 0.025435
0 0.577444 0.572289 0.019549 0.025435
0 0.655639 0.632530 0.019549 0.025435
0 0.685338 0.596386 0.021805 0.025435
0 0.744361 0.678715 0.019549 0.024096
0 0.709774 0.562918 0.019549 0.025435
0 0.592481 0.528112 0.018045 0.025435
0 0.609023 0.501339 0.018045 0.022758
0 0.640602 0.518742 0.019549 0.025435
0 0.661278 0.485274 0.029323 0.038822
0 0.650000 0.467202 0.017293 0.024096
0 0.658271 0.451807 0.017293 0.025435
0 0.677444 0.456493 0.019549 0.026774
0 0.721805 0.331325 0.019549 0.022758
0 0.689098 0.342035 0.020301 0.025435
0 0.658271 0.354083 0.018797 0.025435
0 0.657895 0.272423 0.019549 0.025435
0 0.643233 0.241633 0.020301 0.025435
0 0.681203 0.237617 0.019549 0.025435
0 0.629323 0.161312 0.019549 0.025435
0 0.572556 0.220884 0.017293 0.024096
0 0.592481 0.265060 0.019549 0.024096
0 0.569925 0.303882 0.019549 0.024096
0 0.550752 0.326640 0.018797 0.024096
0 0.550376 0.333333 0.018045 0.021419
0 0.575188 0.376171 0.019549 0.024096
0 0.568421 0.439090 0.019549 0.024096
0 0.581203 0.451138 0.013534 0.024096
0 0.589850 0.459170 0.018797 0.021419
0 0.595113 0.446452 0.014286 0.025435
0 0.497744 0.451807 0.018045 0.025435
0 0.496241 0.309906 0.018045 0.025435
0 0.429699 0.322624 0.018797 0.026774
0 0.378947 0.376841 0.019549 0.025435
0 0.363534 0.407631 0.018797 0.025435
0 0.333083 0.406961 0.021053 0.026774
0 0.304511 0.402945 0.021053 0.026774
0 0.346617 0.346051 0.021053 0.025435
0 0.360526 0.309237 0.018797 0.024096
0 0.290226 0.503347 0.019549 0.021419
0 0.276316 0.487282 0.017293 0.026774
0 0.289098 0.483266 0.015789 0.024096
0 0.334211 0.379518 0.017293 0.025435
0 0.340602 0.231593 0.019549 0.024096
0 0.394361 0.194779 0.018797 0.025435
0 0.450000 0.169344 0.018797 0.025435
0 0.455639 0.197456 0.022556 0.025435
0 0.446992 0.112450 0.018797 0.026774
0 0.513158 0.157296 0.021805 0.025435
0 0.505639 0.246988 0.018797 0.025435
0 0.492105 0.218876 0.018797 0.025435
0 0.540602 0.182731 0.028571 0.044177
0 0.495489 0.058233 0.019549 0.025435
0 0.349248 0.091700 0.020301 0.022758
0 0.274060 0.010040 0.018797 0.017403
0 0.161654 0.355422 0.019549 0.020080
0 0.159398 0.350736 0.016541 0.021419
0 0.234962 0.318608 0.017293 0.024096
0 0.263534 0.329317 0.017293 0.026774
0 0.211654 0.279116 0.020301 0.025435
0 0.225940 0.261714 0.017293 0.025435
0 0.282331 0.285810 0.029323 0.038822
0 0.616541 0.766399 0.018045 0.025435
0 0.587218 0.801205 0.018045 0.022758
0 0.435714 0.246988 0.018797 0.025435
0 0.453008 0.271084 0.020301 0.025435
0 0.460526 0.265730 0.017293 0.022758
