0 0.124023 0.291107 0.011464 0.015512
0 0.127671 0.310238 0.010422 0.016546
0 0.637572 0.775595 0.010943 0.016546
0 0.546118 0.766805 0.011464 0.015512
0 0.637832 0.721820 0.011464 0.016546
0 0.528921 0.674767 0.011464 0.015512
0 0.925221 0.265253 0.017196 0.021717
0 0.585982 0.285419 0.011985 0.018614
0 0.589109 0.265253 0.013028 0.015512
0 0.585201 0.241468 0.011464 0.015512
0 0.605263 0.245605 0.010943 0.015512
0 0.638614 0.265770 0.011985 0.014478
0 0.648254 0.284385 0.012507 0.016546
0 0.477853 0.645295 0.011464 0.014478
0 0.488796 0.641158 0.010422 0.014478
0 0.478374 0.614271 0.011464 0.016546
0 0.488275 0.614271 0.009380 0.016546
0 0.504429 0.598759 0.012507 0.018614
0 0.504690 0.581179 0.008859 0.014478
0 0.519020 0.579628 0.013549 0.015512
0 0.492965 0.580145 0.010422 0.016546
0 0.484106 0.580145 0.007295 0.016546
0 0.470036 0.580662 0.010422 0.015512
0 0.492705 0.557911 0.008859 0.009307
0 0.502084 0.555843 0.008859 0.015512
0 0.480980 0.531541 0.006253 0.014478
0 0.526837 0.544467 0.011464 0.015512
